3339370540 2979983357
121111128 3753089466
3361747202 293962588
4785933275 105485096
198261826 4061085760
284466056 1029134072
1025202028 2178079072
2929756734 4735581226
4423078232 4734141570
2516250405 4707302910
2012751378 1563530311
3555763708 129966028
2995158435 2152102430
4681962750 3311706705
123522304 28350066
3080196136 2970455765
2191209871 870412650
1337019848 2727801631
2946639009 792278307
23703120 3278174
3447485014 509163477
2245874336 2642963055
4540438481 2091461728
3628623525 2204307538
2112031908 301539191
3076445900 2860590755
1577644802 4457552239
184387032 4554402356
1683277695 3944208853
2622389419 387626412
154355178 2021027085
751737584 2204712524
4205990030 2803566377
3787030445 1262342173
4106172755 4677886408
3144090398 3500239825
354219483 1637850670
4465109894 1695311009
4608704404 1044093021
2890320848 3124575375
3418283067 3362952166
3830324735 1244767593
706980350 2653869038
764656871 4216809425
67663200 2181346079
2796163274 818451611
1699795239 694379512
216148843 2648776917
2359961477 2601780057
4672154045 238091137
1861250568 84280329
4431182715 1009093039
2784315750 4149439269
1972157175 2380950134
1020647367 3042220601
3393163564 1524365040
828141772 1389540698
4254843736 2275758207
4399472086 3495263372
4670993676 190720678
918096378 1348662139
4215146035 2677616789
2792318494 2078366587
1843446606 1336712143
2597548003 1917212218
2348023865 3026610099
1922544372 2723857087
2788642923 626172933
2496495128 810726427
3643512824 96001287
4892789859 711850203
3697944997 290579011
174219047 3253563299
4245013792 4282735400
2518105073 955453322
4249661513 4736145138
3909151265 3674715351
2203410883 1831625226
2200743019 4142973870
3855722446 375944433
4277503931 1415919535
1395683950 102156928
1608972973 4403745536
4733754959 1958922168
1836694776 2105075729
3075508528 1267109876
1091929809 2874223709
1478453320 1940500789
3705034733 63699524
2200766584 2105592449
4698905734 4134346601
3947689758 4811354918
2132420011 4301117107
3916535792 2874137522
3504190195 4911775763
2689388459 1848438739
4576578364 1124686693
4618243789 4123374348
3228581655 1034230183
1644101544 4383123419
2523783488 2441569439
648255027 1882626512
2928804831 3054333127
79572267 2102254157
590056525 4029938612
960146157 395972205
1692134086 4431956960
2081652751 4009888028
2786718603 2235461681
352930252 2076911695
4525215623 1024197925
1867612015 3243464894
3944758811 1557546606
2607695006 4233729793
405860324 3365791110
3662220071 4486028333
1410365864 4179511724
831879293 3706207526
3293871248 4867357818
4881976618 4055233121
2425311928 2563916593
1873882034 4492272392
2363230849 1820974546
2130636838 4911260357
1344016649 3070830769
1930640440 2351988542
718298701 2833782163
1374002232 3363879652
694598058 3812960247
3727378010 1252234078
777564819 2898756785
3154300651 2523072148
700730915 4171341928
47989009 3526549019
3509772395 1858813999
2256621412 87352835
1791128028 338253984
3591109516 3131505176
4086798229 3665829261
1766132813 4761055391
2738381769 3948398822
4250950046 502794557
3900315333 2622572515
2487052476 681660151
1373804962 2103362312
1354088354 1522642746
1502211871 3034128847
1607226791 4907068486
1798555186 2043326642
1041961982 1778910317
1323158645 4426582953
1625901638 4579957138
3404618491 807842224
1164766451 1092408442
3230958213 2762820677
2276288850 2643176618
23578463 3061003243
1149367101 4756450126
2638442179 4375621920
164818805 212560937
3245908319 2361177844
3243479265 3973340905
44649111 1177343004
1360093445 4416701874
900812675 2508887976
3768337987 166102744
2812632439 2584094281
2157617915 100074654
4122393571 1715321312
2074937121 3395189314
1354566316 1191350773
2958764891 914487744
4311428431 3652242061
4456972526 3392868641
1824084698 3904554977
3176708903 2300973007
4223475959 1093035622
3740081076 1051272787
3260506260 3641984318
4812218766 3055595446
1561288480 2570057483
435572108 1941948443
2489140132 3942433501
1495663732 653654797
1297337918 2468048533
4203162682 3103548409
867088385 1255472024
3974069529 1019918584
1564645083 208876187
3129064700 3355603844
225926531 2600747764
3146959960 1734324776
4585208963 901237012
1886941283 355721156
872631331 472241804
1691474613 3776176906
125785516 3462147799
4672649348 3033972752
3236198364 2954237497
2174932351 3543056169
294461668 200006565
2300770089 3706035370
1623130100 1715984531
2783245119 897759793
4885134777 1790585557
3877694468 3111779169
446042230 2638178980
1912782941 3004750110
534375310 2910085061
1345873649 2596585616
3430045853 2163326945
54588377 2000387063
3472120875 605390783
2519039560 3516203300
2715790454 2191368333
2497145154 763025568
2535786994 430591307
2676957250 2125448311
1417251904 3552509063
1894629097 638842406
4063656094 2029190164
3961807061 2272269341
4909269024 3779572763
4742053096 869214025
2331995782 4724192239
1085351992 1649003734
2161007891 3902899567
2416088708 923657040
4607448719 3913043861
395325813 1610312886
3576425437 2377943786
4459838099 3480555768
3260989663 389873846
1615184523 4576284522
4185805352 3357544163
1398882255 2720882102
1835400303 587534404
4689563809 1365238818
4034339988 2529236740
1250344525 4349470471
1607818981 3316200707
2398282123 1117231371
876093498 357590532
749966944 4181922504
1937676975 3756235697
4827615968 2726752643
3963142297 2985725664
732616383 2616503895
4201208976 2911426597
3992182097 2169769841
4320921615 3030151381
3543858838 1989670528
2092248403 1197341523
1981209864 4509653983
3573345939 4870968942
2235526256 2197349538
3527865400 1836353519
3382038704 2352816969
3020813455 3993027855
3136230536 824017502
2126378993 453585004
864467880 651930751
4208050788 1169427501
88686256 925275476
414417507 4332283102
2424146322 894810111
3617675733 2431655193
2766656171 1623022989
957276427 2331919909
1442512175 4336482173
2303383282 1190176324
2163656239 1613711832
2191543263 1769396662
1954723100 3077608859
153746505 1892362152
1017988011 1601328323
1599135985 4272372744
4204300043 4289028358
4249592141 546805926
4631442983 2410879857
4257810966 3018738025
1738677486 3395971551
419542044 3792941544
4899278664 2522297804
1938549510 1548348548
3246093508 712409622
3498997537 2079895888
4208379109 2342941859
2436530937 2852564126
1788210745 4898982007
4742988185 4817254467
3785220342 1100092851
4293637184 1787977402
1975169707 2601620251
3150039721 1712921992
4543643737 3787058549
1569801334 3320963568
3515374573 328150573
1317991856 706890761
1686926013 119330229
630646224 3765068937
329346753 581612141
2313475635 4538978948
4072183290 3777678641
1821615653 2076922165
1113448572 978039418
248581332 67976535
3222904139 1100491249
4764092269 2273173941
3900889982 1093819751
4042347626 1702311698
1730410385 1868422119
497779599 1048293423
4626944595 4012177182
2505187344 4748254047
3257534948 2564452320
2566586974 2704254406
3033912682 1989149262
4828659885 4762153203
3990961215 2576298384
1246499513 3186969322
3330415791 1427592002
1884130246 1256613168
1237683399 3128644206
209656140 1572729486
4904895061 537695242
4671803628 2613385689
1489126888 520663527
411234386 1543756635
1021598631 2254182702
1658076367 1516444067
215176540 4485649993
1065222213 4040192488
1619087728 2293727783
1605576634 3370776007
4018702791 210175124
2084298804 1883643151
4007570448 1105922300
2749596416 10592588
509353530 3525224534
4160630615 4454035495
4891381446 1078185300
1051131801 2902567103
2881331844 3137874128
204391191 1751307277
2687308970 3884835201
2932007492 720137646
1143475763 4401962129
54667848 1712530549
655982494 4884567105
